00004
00071
00017
00301
00066
00020
00016
00097
00011
00164
00022
00293
00019
00087
00014
00023
00045
00583
00041
00083
00018
00013
00006
00001
00179
01038
00267
01059
00101
00010
00195
00196
00002
00146
00660
00413
00265
00175
00064
00623
00105
00266
00500
00186
00242
00039
00051
00225
00216
00160
00650
00406
00618
00184
00511
00529
00385
00303
00090
00818
00270
00142
00247
00131
00244
00488
00571
00122
00191
00369
00207
00127
00062
01111
00194
00026
00156
00226
00655
00089
00032
00059
00053
00223
00302
00440
00636
00012
00183
00635
00075
00165
00269
00268
00622
00147
00163
00296
00095
00224
01049
00158
00601
00725
00256
00420
00135
01010
00310
00028
00711
00506
00240
00048
00728
00373
00593
00145
00237
00096
00120
00557
00227
00080
00343
01170
00626
00480
00316
00897
00258
00078
00617
00355
00133
00688
01172
00297
00535
01050
00289
00290
00239
00077
00228
00439
00318
01205
00669
00217
00377
00098
01036
01229
01005
00008
00003
00291
00086
00363
00392
01199
00144
00683
00308
00551
00606
01121
00257
00123
00021
00383
01186
00235
00212
01189
00458
01120
01004
00102
00900
00984
01064
00176
00586
00526
00620
00918
01200
00878
00517
00685
01166
00243
00450
00232
00697
00730
00521
00181
00103
00372
00498
00214
00129
00639
00261
00661
00716
00218
00518
00050
00280
00201
00219
01223
01003
00979
00040
00035
00036
00037
00371
00030
00315
00438
00007
00676
00595
00495
01110
00603
00128
00510
01013
01196
00505
00760
00876
00657
00616
00987
00485
00229
00632
00328
00684
00723
00347
00914
00995
01045
00519
00522
00104
00271
00771
00401
00991
00154
00588
00325
00187
00726
00288
00464
00736
00585
00108
00202
01185
00341
00493
00320
00138
00139
00092
00057
01202
00648
00508
00579
00025
00031
00512
00670
00476
00132
01093
01109
01055
00326
00941
01123
00115
01053
00116
00560
00298
00367
01051
00055
00621
01137
00989
00701
01124
00432
00513
00119
00118
00544
01037
00262
00113
00313
00412
01072
00029
01218
00033
00907
00272
00330
00631
00943
00052
00933
00038
00641
00079
00418
00374
00755
00717
00704
00559
00340
00709
00970
00393
00396
01132
00677
00533
00524
01118
00106
00689
00124
00921
01058
01203
00525
00874
00317
01052
01063
00455
01133
00185
00114
00608
00149
00673
00005
00150
00382
00167
01182
00117
01062
00351
01060
00384
00630
00370
00538
00881
00177
00358
00368
00137
00675
00027
00173
00605
00180
00681
00174
00959
00034
00645
00300
01115
00189
00306
01125
00411
00312
00738
00554
00992
00430
00254
01193
00718
00590
00366
00348
00255
01108
00323
00305
00938
00894
00070
00547
00376
00136
00391
00200
00222
01179
00389
00542
00234
00182
01176
00986
00553
00213
00884
01047
00332
00042
01220
00497
00230
00188
01208
00398
00220
00767
00659
00206
00431
00276
01105
00765
00752
00499
00210
00679
00334
01122
00397
00575
00456
00472
01098
00745
01184
00451
00731
00236
00251
00076
00428
00719
01138
00770
00338
00081
00548
00152
00241
00983
00604
00253
00107
00336
00171
00993
00245
00205
01221
00619
00252
00403
00084
00433
00567
00663
00611
00088
00888
00889
00126
00277
00321
00543
00990
00893
01065
00322
00094
00978
00333
00467
00732
00417
00168
00279
00687
00674
00419
01001
00757
00710
00563
00345
00952
01215
00159
00610
01222
00491
01188
00287
00063
00899
00570
00085
00720
00099
00532
00713
00294
00060
00259
00375
00408
01180
00072
01033
00193
00666
00613
00576
01128
00902
00662
00295
01141
00487
01159
00727
00873
00925
00882
01171
00754
00046
01168
01201
00875
00540
00905
00898
00693
00926
00166
00862
00910
00851
01044
01104
01225
00422
00353
00751
00073
00178
00264
00130
01073
00197
00009
00483
00110
00646
00509
00286
00459
00148
00361
00157
00082
00211
00065
00093
00069
00199
00209
00858
01173
01224
00125
01071
00058
00759
01163
00913
01114
01079
01097
01070
00769
00855
00061
01046
00934
00917
00747
00922
00768
00945
03991
02383
00969
00388
00724
00702
00859
01686
00643
01009
00694
00997
00399
00762
01385
03886
00386
01359
00162
00365
00335
00339
00111
00627
00204
00327
00599
00927
00285
01100
00274
00966
00764
00857
00686
02008
01666
00682
00865
01177
00698
00380
00381
00696
02330
00721
01195
00883
00809
00362
00861
02362
00821
00346
02688
02886
03633
01213
02668
00896
01026
01129
00329
00932
01228
02600
01126
01002
00612
00629
00931
01161
00856
00746
00215
00169
00356
02312
00912
00916
01142
01094
00860
01102
01226
01217
01198
01140
00357
00812
00810
02388
00909
00379
00691
00572
02349
02336
00827
00309
00587
00928
02882
00703
02328
02302
03928
01075
01371
00950
02488
00954
00775
01349
02218
00895
02176
01025
02280
02086
02899
02628
02333
00836
00589
02357
02324
02327
02340
02339
02314
02320
00565
02368
00737
02342
00653
02348
00387
01313
02310
00980
02317
02355
02322
02337
02326
00598
00607
02883
02309
00708
02888
02898
01211
00628
02323
00915
00582
02389
01265
01164
00581
01066
02338
00981
00248
00690
00331
01160
02878
00484
02633
00299
02319
01708
02866
00700
01116
02318
02331
02356
02358
00733
00311
02343
09893
00151
00337
00352
00390
00410
00423
00425
00434
00442
00465
00468
00474
00475
00486
00520
00536
00546
00552
00564
00568
00602
00609
00640
00656
00707
00722
00756
00763
00772
00911
00923
00924
00929
01165
00637
01107
01216
00866
01034
01119
01143
01204
01084
00753
00496
01134
00667
01099
01183
00596
01061
00695
00574
01083
01209
01011
00400
01181
01117
00471
01030
00314
00845
01130
00951
00436
01127
00482
00550
00515
00591
00854
00837
00852
00580
00573
00360
00556
00853
02306
02315
02367
02307
01857
02618
02380
02371
02393
02369
02678
01000
00828
00868
02038
00999
00527
02727
00838
01088
03328
03300
03311
02028
01919
02000
03333
02777
02728
00833
02018
00354
01719
03389
01068
02386
02877
00444
00426
00776
03899
03399
00939
03339
03366
03336
02313
03368
00489
03398
03318
02088
02005
03383
03393
03330
00919
01292
02689
00840
03323
02880
01057
03382
03988
00813
03900
03989
03322
03968
03303
00814
03983
02700
00558
03918
01398
01888
01818
00839
00528
01800
01868
01388
01898
03898
01899
01399
01882
01389
01808
01889
03313
01383
03938
01833
01883
02007
03993
00998
01382
01880
00811
01991
00819
00460
02382
03933
00822
01813
00658
01836
01997
02020
00825
01832
00826
00817
03889
01393
03838
03377
03868
03999
03883
03888
03818
03998
03833
01328
03828
00777
03800
00672
00806
03808
02002
03337
00869
00848
00789
00743
01368
00832
03813
02722
00968
01812
00880
00887
00831
00804
00807
01766
00834
00750
00802
00794
00841
01008
01333
01361
01338
02009
02288
01234
01618
01968
01668
02168
01717
01238
01069
00829
00712
01628
00846
01318
00960
01777
01988
02039
01928
01638
01866
01822
00947
01918
01080
02601
01823
01878
00953
01966
01863
01938
01683
00948
01280
00830
01999
01972
02222
02268
02188
02378
02208
02228
02128
01282
02238
01788
01020
00976
01900
00936
01288
02202
02233
01428
02198
01633
01039
00867
01698
01308
01682
03683
01733
02266
00975
00956
01029
01685
02550
02512
01007
02099
01299
01278
02528
02529
02598
02559
01600
06818
01087
00842
01101
06030
01091
01776
01086
01692
01090
01831
01728
01555
01112
03618
01798
01157
01085
02011
01323
02560
02552
01508
02562
02561
01601
01518
01513
02533
02517
02516
01378
01676
01447
02521
01380
03688
03363
03360
01623
02789
02299
02607
01150
02282
01488
01910
00871
01913
01241
01146
01082
01231
01145
06828
06838
01259
02098
01355
06808
01663
01257
01028
06868
03666
01235
03788
02186
09888
09999
02096
01206
01152
03628
09961
01302
01239
01269
00844
06823
01023
01262
02121
01293
01336
01929
01298
03778
01830
01251
01252
01263
01303
01315
01803
06830
01281
01312
02119
02012
01699
01300
01277
01260
01613
00863
02623
01522
03669
03613
00816
01258
02068
01237
03939
01332
01335
01616
06889
01468
01240
03816
01326
02196
02223
01314
01339
01908
00815
02236
01232
01348
03668
02078
02033
03329
02178
01319
00864
01148
01673
06881
01270
03997
03836
06877
06888
01680
02112
01316
01250
06886
06898
01255
01661
01271
03638
01373
01273
01246
02023
00799
01372
02030
01290
01396
06108
01862
01345
01963
01360
01358
03623
03698
01431
01515
01370
01884
03315
01268
01689
01520
01483
01233
06099
03369
02211
06878
01448
01681
03380
02283
01486
01421
01738
01247
03332
02080
02638
02226
09988
01622
09901
01636
06288
01340
02608
02255
00798
06138
02100
01400
01771
01397
06199
02111
06033
06198
03903
01330
01375
06128
01321
01778
01588
02298
03639
03709
01626
06899
02329
01446
06136
01450
01980
01599
06188
01253
01418
01856
01432
01848
02293
02399
06123
01466
02221
01395
01285
01811
03822
06893
01347
06118
01289
01443
01305
01407
03839
06882
01317
01478
01022
06869
01480
01816
01669
02518
01958
03699
02066
02212
06866
01362
03708
01993
06822
01327
01027
01113
01858
01310
01566
01460
01539
01415
03606
01559
01245
01500
06826
01470
06839
01402
01301
01635
03919
01530
01606
01528
03396
06133
03882
02193
02286
01498
02666
02699
01986
01456
01461
01736
03737
06896
01570
01718
03969
06686
02669
01499
00974
01556
01631
01690
01826
01527
02199
01970
01709
01532
01546
01476
02203
02663
01425
02799
03908
01495
02611
01452
02120
01538
06865
01561
03866
03996
01979
01341
02289
03600
01786
01662
01543
06196
01568
01558
03678
01799
01548
06083
03326
03773
01459
03301
01565
01153
03963
01909
06833
02138
01557
01578
02239
02016
01419
03728
01496
01243
01982
01841
02738
03626
01585
02549
02588
02285
01420
01549
03958
01583
01869
02869
02136
01586
06816
01560
01612
01523
01579
02031
06178
03893
01591
01658
02363
01577
06858
01526
02166
01547
06058
02113
01854
02530
01542
01645
03320
03306
01610
01572
03689
03686
06163
01458
01272
01611
01608
06189
01629
01632
01792
01617
01782
01751
06066
01581
01357
01580
01596
06908
01637
01867
01827
01656
06122
01575
01536
06068
03789
01627
03860
01660
06169
01732
01985
03395
03869
06812
01657
01569
01647
02281
02017
01667
03768
01850
01410
02001
01915
01655
06038
01679
02269
01630
01551
01571
01932
06113
06069
03848
01702
06088
01962
01695
06928
09963
00994
02102
02863
01693
01552
01696
03830
01651
06966
06060
06885
01707
06080
01529
01162
02225
02232
01720
09978
02122
01975
01710
02858
02227
01417
01697
01475
01722
02022
01727
01789
01815
03878
00784
01481
02708
01730
02025
03738
02292
06158
02448
02139
06182
09689
03309
02683
01711
06829
03319
01621
09900
01729
09898
01933
02182
01705
02377
06036
01737
02779
01716
01735
02116
01726
01671
01752
01742
01750
01598
01978
06119
01451
01757
02003
06098
01749
01916
01587
01620
06100
01592
01739
01763
02262
01810
06190
06860
01746
01773
01652
03700
01996
01760
01775
03302
01576
00797
01721
01715
02051
01731
02048
01758
01672
01765
00788
06160
01725
01783
01615
01969
02680
09618
03690
01748
01723
06862
01787
01911
01809
01540
01772
01939
01825
01741
03990
01894
01653
02682
01861
09688
01801
01712
01755
03616
02258
06890
01790
01835
00780
09991
09698
02798
01837
01860
02359
01983
01995
01675
01820
01762
02892
01877
03978
01713
01796
01759
01845
01851
01785
02360
02885
06162
02013
01767
01890
01896
01793
01703
01872
02616
02019
02108
01891
01897
01917
03316
01563
01907
03662
01865
01797
06185
02660
03321
01545
01906
06806
01780
01753
01903
01873
02230
01905
01817
01521
02060
02181
06055
03877
06811
02189
01935
06117
03692
01821
01769
01849
01951
01842
01930
01286
01701
01901
03798
01943
02772
02180
06093
06805
01931
01977
01949
02558
01912
01876
01920
02696
01960
06820
01895
03601
06110
01283
01582
01955
01853
01967
06663
01959
01843
01846
01871
06855
01847
01691
01987
02163
01922
01870
01379
03603
01921
01501
01875
01401
01427
06186
03681
01640
01346
03348
01747
09882
01756
03759
01593
03680
02500
02295
01553
02400
09966
06919
02231
06193
09928
06049
09909
09911
09998
09918
09922
01925
01416
01442
03718
01740
01650
01745
01525
01412
01802
09938
09968
09933
09919
01937
02263
09929
09916
01343
09936
01950
01961
01472
01941
06918
01433
02381
09969
01957
01463
01942
03390
06063
01953
09926
01376
01147
01936
09983
09996
09939
09923
09866
09987
09958
02057
03896
06078
09997
01502
03660
01971
09989
09979
09906
06978
06969
06958
01477
06968
09908
09977
06933
09986
09990
01981
01156
09668
01449
03347
09913
09633
01455
01408
02101
06988
01429
09616
09626
06998
03913
01952
01597
09677
02130
02132
06989
02169
02107
09993
02126
01351
01940
09995
01516
06900
01795
09666
06996
06690
06666
06677
02110
06618
06999
02142
09992
06993
02131
01167
02127
02135
01945
09600
01855
02156
01440
02153
02129
02125
02159
02158
01490
01643
09608
02146
06668
02161
02160
02423
01024
02170
01473
06606
06127
06601
02155
01927
01413
06638
09868
02187
06939
02195
02015
06608
09959
06622
03658
09982
06626
06699
09858
02171
02150
02190
02219
01965
02162
06623
02209
02177
02205
02165
02215
09960
06611
02137
06913
02192
02175
06909
06616
09930
06609
06669
09869
02216
06628
09889
02217
02256
02235
02252
02197
01948
02251
09956
02265
02210
02185
09899
02270
06821
02273
09699
02276
02279
06633
02257
02260
02250
06680
01406
09878
02157
06639
02179
02370
06655
09638
02390
02271
02421
02352
02325
02347
07827
06667
02246
02372
02167
02391
09896
09955
02392
02297
02376
02361
09696
02418
02237
02172
06661
02385
09857
02321
02152
06689
09886
02350
09863
02602
03931
06660
09877
01489
09658
06610
02422
02291
06696
02420
02436
02245
01244
02457
02407
02440
06963
01947
09985
02145
01405
06929
06698
02427
02076
02425
06922
07855
06955
02469
02402
02411
02455
02450
02459
02147
02373
02458
02482
09636
02409
02433
02405
02439
09669
06979
02415
02480
02442
02486
02416
06683
02487
09885
02105
09860
03650
01284
06990
02481
01541
02490
02496
09690
09686
09890
06682
01973
02451
09676
02501
01519
02429
02473
02499
02520
02483
02419
09663
02497
01497
02502
01274
06911
02511
02489
09880
02149
02498
02477
02503
02453
06959
02515
02535
02540
02509
09879
02536
02555
02438
02556
02505
02443
02522
02881
06181
02479
02545
01354
06657
06086
09680
02531
02495
01334
02507
01471
02410
02567
09639
02576
02460
09660
02465
02563
02510
02551
02519
02582
06936
02566
02585
02586
02570
02593
02432
02431
02577
02587
02506
06681
02613
02596
00805
02571
01364
02097
06693
06676
02610
02569
02625
03677
09606
02589
02865
06831
03750
02629
01276
02603
02565
02621
09881
02605
02573
01304
01828
02050
02508
02590
02592
02597
02609
02617
02619
02643
02648
02651
03288
03880
04620
04621
06168
06603
06613
06883
09678
09887
06887
02627
02591
02631
06960
03858
02580
02543
02525
02656
